1	830
831	831
832	1397
1398	1398
1399	1479
1480	1480
1481	1843
1844	1844
1845	1845
1846	1869
1870	1871
1872	1874
1875	2274
2275	2279
2280	2413
2414	2420
2421	3149
3150	4274
4275	4283
4284	5778
5779	5790
5791	5991
5992	5992
5993	6508
6509	6541
6542	6922
6923	7254
7255	7255
7256	7375
7376	7376
7377	7874
7875	7875
7876	8414
8415	8415
8416	8415
8416	8417
8418	8507
8508	8509
8510	8672
8673	9578
9579	9687
9688	9688
9689	9711
9712	9712
9713	10188
10189	10493
10494	10845
10846	10849
10850	11050
11051	11062
11063	11115
11116	11488
11489	11510
11511	11512
11513	11594
11595	11715
11716	11826
11827	11834
11835	11928
11929	11930
11931	12328
12329	12329
12330	12534
12535	12535
12536	12551
12552	12563
12564	12676
12677	12677
12678	12941
12942	12942
12943	13094
13095	13110
13111	13283
13284	13284
13285	13798
13799	13800
13801	13947
13948	13949
13950	13962
13963	13963
13964	14141
14142	14144
14145	14500
14501	14519
14520	14520
14521	14521
14522	14522
14523	14523
14524	14524
14525	15079
15080	15080
15081	15340
15341	15356
15357	15431
15432	15440
15441	18739
18740	18740
18741	19292
19293	19293
19294	20837
20838	20840
20841	22251
22252	22253
22254	22254
22255	22255
22256	22256
22257	22257
22258	23288
23289	23293
23294	23492
23493	23514
23515	23532
23533	23667
23668	23677
23678	23693
23694	23710
23711	23954
23955	23966
23967	24092
24093	24093
24094	24320
24321	24321
24322	24418
24419	24435
24436	24785
24786	24787
24788	24897
24898	24948
24949	25140
25141	25186
25187	25299
25300	25306
25307	25547
25548	25548
25549	25776
25777	25891
25892	26123
26124	26132
26133	26290
26291	26362
26363	26530
26531	26546
26547	26875
26876	26878
26879	27058
27059	27060
27061	27096
27097	27097
27098	28379
28380	28387
28388	28434
28435	28543
28544	28566
28567	28569
28570	28676
28677	28683
28684	28706
28707	30518
30519	30520
30521	30523
30524	30524
30525	31150
31151	31151
31152	34682
34683	34683
34684	38152
38153	38153
38154	39606
39607	39607
39608	39620
39621	39621
39622	39622
39623	39623
39624	40179
40180	40185
40186	40218
40219	40221
40222	40222
40223	40224
40225	40255
40256	40258
40259	40621
40622	40638
40639	40663
40664	40756
40757	40757
40758	41163
41164	41164
41165	41288
41289	41292
41293	41336
41337	41339
41340	42226
42227	42235
42236	42290
42291	42312
42313	42363
42364	42364
42365	42545
42546	42546
42547	42812
42813	42817
42818	43020
43021	43021
43022	43346
43347	43347
43348	43355
43356	43356
43357	43362
43363	43364
43365	43452
43453	43559
43560	43609
43610	43634
43635	43784
43785	43793
43794	43995
43996	44013
44014	44038
44039	44186
44187	44194
44195	44293
44294	44308
